[gd_scene load_steps=16 format=3 uid="uid://djunwlie6gikb"]

[ext_resource type="Texture2D" uid="uid://cwl4jn6tuy0pb" path="res://assets/textures/dev/grids/Dark/texture_07.png" id="1_qyfli"]
[ext_resource type="Script" uid="uid://dqoh3msg73gs4" path="res://scripts/main.gd" id="1_tbgi4"]
[ext_resource type="Texture2D" uid="uid://mfmt5fpbaura" path="res://assets/hdris/kloofendal_48d_partly_cloudy_puresky_2k.hdr" id="2_76w8b"]
[ext_resource type="Texture2D" uid="uid://b8pis02aim3b8" path="res://assets/textures/dev/grids/Orange/texture_05.png" id="3_tefeu"]
[ext_resource type="Script" uid="uid://dk2o10mljftys" path="res://scripts/env.gd" id="4_85g3d"]
[ext_resource type="PackedScene" uid="uid://b5u6tg7siuhu3" path="res://scenes/player.tscn" id="4_tbgi4"]
[ext_resource type="PackedScene" uid="uid://cope3wve2dub1" path="res://scenes/pause_menu.tscn" id="5_tefeu"]
[ext_resource type="PackedScene" uid="uid://cwupnc84odj3m" path="res://scenes/medball.tscn" id="5_tipki"]
[ext_resource type="PackedScene" uid="uid://dt4cwmc0uynan" path="res://scenes/enemy.tscn" id="7_o6xl0"]

[sub_resource type="NavigationMesh" id="NavigationMesh_tefeu"]
vertices = PackedVector3Array(2.99998, 1.25, -11.3257, 5.49998, 1.25, -11.3257, 5.49998, 1.25, -13.8257, 6.49998, 1.25, -14.0757, 6.49998, 1.25, -26.0757, -9.50002, 1.25, -9.57569, 2.49998, 1.25, -9.57569, -9.50002, 1.25, -26.0757, 7.74998, 1.25, -13.8257, 7.74998, 1.25, -11.0757, 9.74998, 1.25, -10.8257, 14.5, 1.25, -11.0757, 9.49998, 1.25, -8.82569, 7.74998, 1.25, -8.82569, 7.74998, 1.25, -4.32569, 15, 1.25, -11.0757, 15, 1.25, -26.0757, 16.25, 1.25, -9.57569, 26.75, 1.25, -9.57569, 26.75, 1.25, -26.0757, 6.49998, 4.25, -10.5757, 6.24998, 4.25, -13.0757, 6.24998, 4.25, -10.5757, 6.24998, 4.25, -9.82569, 6.49998, 4.25, -9.82569, 8.74998, 4.25, -10.3257, 3.74998, 4.25, -10.3257, 8.99998, 4.25, -3.57569, 8.49998, 4.25, -3.82569, 7.49998, 4.25, -2.57569, 6.99998, 4.25, -1.57569, 6.24998, 4.25, -1.57569, 6.49998, 4.25, -2.82569, 5.49998, 1.25, -2.82569, 5.49998, 1.25, -8.82569, 2.74998, 1.25, -8.82569, -9.50002, 1.25, -2.82569, 7.74998, 1.25, -0.575689, 6.74998, 1.25, -0.575689, 6.74998, 1.25, 9.42431, 16.25, 1.25, -9.07569, 26.75, 1.25, 9.42431, 5.49998, 1.25, -0.825689, -9.50002, 1.25, 9.42431)
polygons = [PackedInt32Array(2, 1, 0), PackedInt32Array(4, 3, 2), PackedInt32Array(0, 6, 5), PackedInt32Array(2, 0, 4), PackedInt32Array(4, 0, 7), PackedInt32Array(7, 0, 5), PackedInt32Array(9, 8, 10), PackedInt32Array(10, 8, 11), PackedInt32Array(14, 13, 12), PackedInt32Array(12, 11, 14), PackedInt32Array(11, 12, 10), PackedInt32Array(8, 3, 4), PackedInt32Array(11, 8, 15), PackedInt32Array(15, 8, 16), PackedInt32Array(16, 8, 4), PackedInt32Array(17, 15, 18), PackedInt32Array(18, 15, 16), PackedInt32Array(18, 16, 19), PackedInt32Array(22, 21, 20), PackedInt32Array(20, 25, 22), PackedInt32Array(22, 25, 24), PackedInt32Array(22, 24, 23), PackedInt32Array(22, 23, 26), PackedInt32Array(28, 27, 29), PackedInt32Array(29, 27, 30), PackedInt32Array(24, 32, 23), PackedInt32Array(23, 32, 31), PackedInt32Array(31, 32, 30), PackedInt32Array(30, 32, 29), PackedInt32Array(35, 34, 33), PackedInt32Array(5, 6, 35), PackedInt32Array(5, 35, 36), PackedInt32Array(36, 35, 33), PackedInt32Array(39, 38, 37), PackedInt32Array(40, 17, 18), PackedInt32Array(37, 40, 39), PackedInt32Array(39, 40, 18), PackedInt32Array(39, 18, 41), PackedInt32Array(38, 39, 42), PackedInt32Array(42, 39, 43), PackedInt32Array(42, 43, 36), PackedInt32Array(36, 33, 42)]
geometry_parsed_geometry_type = 0
cell_height = 0.75

[sub_resource type="StandardMaterial3D" id="StandardMaterial3D_4ypqe"]
albedo_texture = ExtResource("1_qyfli")
uv1_triplanar = true

[sub_resource type="StandardMaterial3D" id="StandardMaterial3D_o6xl0"]
albedo_texture = ExtResource("3_tefeu")

[sub_resource type="PanoramaSkyMaterial" id="PanoramaSkyMaterial_85g3d"]
panorama = ExtResource("2_76w8b")

[sub_resource type="Sky" id="Sky_xdhe3"]
sky_material = SubResource("PanoramaSkyMaterial_85g3d")

[sub_resource type="Environment" id="Environment_7jrki"]
background_mode = 2
sky = SubResource("Sky_xdhe3")
tonemap_mode = 2
glow_enabled = true

[node name="world" type="Node3D"]
script = ExtResource("1_tbgi4")

[node name="stage" type="Node3D" parent="."]

[node name="NavigationRegion" type="NavigationRegion3D" parent="stage"]
navigation_mesh = SubResource("NavigationMesh_tefeu")

[node name="CSGBox3D" type="CSGBox3D" parent="stage/NavigationRegion"]
transform = Transform3D(1, 0, 0, 0, 1, 0, 0, 0, 1, 8.68538, -0.5, -8.28784)
use_collision = true
size = Vector3(37.3708, 1, 36.5757)
material = SubResource("StandardMaterial3D_4ypqe")

[node name="CSGBox3D4" type="CSGBox3D" parent="stage/NavigationRegion"]
transform = Transform3D(9.76836e-09, 0.997222, -0.0744914, -1.3077e-07, 0.0744914, 0.997222, 1, 0, 1.31134e-07, 6.5545, 1.32562, -7.30943)
material_override = SubResource("StandardMaterial3D_o6xl0")
use_collision = true
size = Vector3(12.0557, 1, 3.29395)

[node name="CSGBox3D9" type="CSGBox3D" parent="stage/NavigationRegion"]
transform = Transform3D(-0.711388, 0.700846, -0.0523526, -1.3077e-07, 0.0744914, 0.997222, 0.702799, 0.709412, -0.0529922, 11.061, 1.32562, -5.73352)
material_override = SubResource("StandardMaterial3D_o6xl0")
use_collision = true
size = Vector3(12.0557, 1, 3.29395)

[node name="CSGBox3D10" type="CSGBox3D" parent="stage/NavigationRegion"]
transform = Transform3D(-0.999918, -0.0127747, 0.000954126, -1.29033e-07, 0.0744914, 0.997222, -0.0128103, 0.99714, -0.0744853, 6.14711, 1.32562, -10.041)
material_override = SubResource("StandardMaterial3D_o6xl0")
use_collision = true
size = Vector3(5.78088, 1, 3.29395)

[node name="CSGBox3D13" type="CSGBox3D" parent="stage"]
transform = Transform3D(1, 0, 0, 0, 1, 0, 0, 0, 1, 7.25735, -0.5, 16.5896)
use_collision = true
size = Vector3(5.85, 1, 14.718)
material = SubResource("StandardMaterial3D_4ypqe")

[node name="CSGBox3D2" type="CSGBox3D" parent="stage"]
transform = Transform3D(1, 0, 0, 0, 1, 0, 0, 0, 1, -18.4353, 1.67795, 1.91204)
use_collision = true
size = Vector3(19.061, 1, 15.9946)
material = SubResource("StandardMaterial3D_4ypqe")

[node name="CSGBox3D3" type="CSGBox3D" parent="stage"]
transform = Transform3D(-0.929337, -0.368988, -0.0134225, 0.369048, -0.929408, -0.00220021, -0.0116631, -0.00699832, 0.999907, -6.24102, 0.62765, 5.86947)
use_collision = true
size = Vector3(5.97851, 1, 8.18115)
material = SubResource("StandardMaterial3D_4ypqe")

[node name="CSGBox3D6" type="CSGBox3D" parent="stage"]
transform = Transform3D(1, 0, 0, 0, 1, 0, 0, 0, 1, -23.6459, 4.29415, -4.99164)
use_collision = true
size = Vector3(8.70044, 1, 7.58484)
material = SubResource("StandardMaterial3D_4ypqe")

[node name="CSGBox3D8" type="CSGBox3D" parent="stage"]
transform = Transform3D(1, 0, 0, 0, 1, 0, 0, 0, 1, -7.8638, 7.16749, -5.02506)
use_collision = true
size = Vector3(8.57885, 1.15326, 7.58606)
material = SubResource("StandardMaterial3D_4ypqe")

[node name="CSGBox3D11" type="CSGBox3D" parent="stage"]
transform = Transform3D(-0.999918, -0.0127747, 0.000954126, -1.29033e-07, 0.0744914, 0.997222, -0.0128103, 0.99714, -0.0744853, 12.9491, 1.32562, -10.041)
material_override = SubResource("StandardMaterial3D_o6xl0")
use_collision = true
size = Vector3(5.78088, 1, 3.29395)

[node name="CSGBox3D12" type="CSGBox3D" parent="stage"]
transform = Transform3D(-0.999918, -0.0127747, 0.000954126, -1.29033e-07, 0.0744914, 0.997222, -0.0128103, 0.99714, -0.0744853, 9.4949, 2.14316, -10.1464)
material_override = SubResource("StandardMaterial3D_o6xl0")
use_collision = true
size = Vector3(1.80331, 1, 1.6543)

[node name="CSGBox3D5" type="CSGBox3D" parent="stage"]
transform = Transform3D(4.05285e-08, 1.63746e-08, -1, 0.374606, -0.927184, 0, -0.927184, -0.374607, -4.37114e-08, -23.8697, 3.01579, 1.86195)
use_collision = true
size = Vector3(7.00732, 1, 8.18115)
material = SubResource("StandardMaterial3D_4ypqe")

[node name="CSGBox3D7" type="CSGBox3D" parent="stage"]
transform = Transform3D(0.929403, 0.369053, -0.00308796, 0.369048, -0.929408, -0.00220021, -0.003682, 0.000905366, -0.999993, -15.7473, 5.77165, -5.00729)
use_collision = true
size = Vector3(8.16357, 1, 7.58514)
material = SubResource("StandardMaterial3D_4ypqe")

[node name="CSGBox3D14" type="CSGBox3D" parent="stage"]
transform = Transform3D(1, 0, 0, 0, 1, 0, 0, 0, 1, 7.60178, 9.98977, -5.02506)
use_collision = true
size = Vector3(8.57885, 1.15326, 7.58606)
material = SubResource("StandardMaterial3D_4ypqe")

[node name="CSGBox3D15" type="CSGBox3D" parent="stage"]
transform = Transform3D(0.929403, 0.369053, -0.00308796, 0.369048, -0.929408, -0.00220021, -0.003682, 0.000905366, -0.999993, -0.281721, 8.59393, -5.00729)
use_collision = true
size = Vector3(8.16357, 1, 7.58514)
material = SubResource("StandardMaterial3D_4ypqe")

[node name="CSGBox3D16" type="CSGBox3D" parent="stage"]
transform = Transform3D(1, 0, 0, 0, 1, 0, 0, 0, 1, 22.9875, 12.8023, -5.02506)
use_collision = true
size = Vector3(8.57885, 1.15326, 7.58606)
material = SubResource("StandardMaterial3D_4ypqe")

[node name="CSGBox3D17" type="CSGBox3D" parent="stage"]
transform = Transform3D(0.929403, 0.369053, -0.00308796, 0.369048, -0.929408, -0.00220021, -0.003682, 0.000905366, -0.999993, 15.104, 11.4065, -5.00729)
use_collision = true
size = Vector3(8.16357, 1, 7.58514)
material = SubResource("StandardMaterial3D_4ypqe")

[node name="env" type="Node3D" parent="."]
script = ExtResource("4_85g3d")

[node name="WorldEnvironment" type="WorldEnvironment" parent="env"]
environment = SubResource("Environment_7jrki")

[node name="DirectionalLight3D" type="DirectionalLight3D" parent="env"]
transform = Transform3D(1, 0, 0, 0, 1, 0, 0, 0, 1, 0, 0, 0)
shadow_enabled = true

[node name="PauseMenu" parent="." instance=ExtResource("5_tefeu")]
process_mode = 2
visible = false

[node name="player" parent="." instance=ExtResource("4_tbgi4")]
transform = Transform3D(1, 0, 0, 0, 1, 0, 0, 0, 1, 7.03718, 0, 14.9207)

[node name="Enemy" parent="." instance=ExtResource("7_o6xl0")]
transform = Transform3D(1, 0, 0, 0, 1, 0, 0, 0, 1, 0, 1, 0)

[node name="medball" parent="." instance=ExtResource("5_tipki")]
transform = Transform3D(0.505717, 0, 0, 0, 0.505717, 0, 0, 0, 0.505717, 4.19961, 0.505717, 7.03134)

[node name="medball2" parent="." instance=ExtResource("5_tipki")]
transform = Transform3D(0.505717, 0, 0, 0, 0.505717, 0, 0, 0, 0.505717, -4.74043, 0.505717, -4.83157)

[node name="medball3" parent="." instance=ExtResource("5_tipki")]
transform = Transform3D(0.507937, 0, 0, 0, 0.507937, 0, 0, 0, 0.507937, 15.3517, 0.505718, -17.1168)

[node name="Enemy2" parent="." instance=ExtResource("7_o6xl0")]
transform = Transform3D(1, 0, 0, 0, 1, 0, 0, 0, 1, -4.48439, 1, -17.7549)

[node name="Enemy3" parent="." instance=ExtResource("7_o6xl0")]
transform = Transform3D(1, 0, 0, 0, 1, 0, 0, 0, 1, 21.7712, 1, -12.35)

[node name="Node3D" type="Node3D" parent="."]
transform = Transform3D(1, 0, 0, 0, 1, 0, 0, 0, 1, 1.05254, 0, -40.2024)
